"0,IT,5,100,8.66,Region_1,8,8,8,7,8,9,8,9,8,0,7,7"
"1,IT,5,100,8.95,Region_2,8,8,8,8,9,8,9,9,,10,8,8"
"0,IT,5,100,9.11,Region_3,9,9,9,7,8,7,8,9,7,0,9,9"
"0,IT,4,100,9.3,Region_2,9,10,10,9,8,7,10,9,,10,9,9"
"0,IT,5,94.5,9.45,Region_2,7,10,10,10,10,8,10,10,,10,8,8"
"0,IT,5,94.5,9.53,Region_4,9,10,10,8,9,8,10,10,,10,10,10"
"0,IT,4,94.5,9.2,Region_2,6,10,10,8,8,8,9,10,8,0,9,9"
"0,IT,5,94.5,9.75,Region_3,10,10,10,10,7,9,10,10,10,7,10,10"
"0,IT,5,94.5,8.8,Region_2,8,9,9,8,9,8,9,8,,6,8,8"
"0,IT,5,94.5,8.84,Region_3,10,9,9,9,9,9,9,9,,10,9,9"
"0,IT,5,94.5,9.25,Region_1,8,9,9,7,7,8,10,9,9,0,8,8"
"0,IT,5,89.5,9.05,Region_2,6,10,10,10,8,8,10,8,,6,9,9"
"1,IT,5,89.5,8.89,,8,10,10,9,9,8,10,10,,9,10,10"
"1,IT,5,89,8.68,Region_4,9,8,8,7,7,8,10,8,8,9,8,8"
"0,IT,5,89,9.11,Region_4,8,10,10,9,9,8,10,10,,10,8,8"
"0,IT,5,89.5,9.27,Region_3,7,10,10,6,8,10,9,8,9,,10,10"
"1,IT,5,85,9.68,Region_5,8,10,10,10,10,10,10,10,,9,9,9"
"1,IT,5,89,8.66,Region_3,6,10,10,9,8,7,10,8,,8,9,9"
"1,IT,4,84.5,9.09,Region_2,6,8,8,9,10,6,10,9,,10,8,8"
"1,IT,5,84,8.61,Region_2,8,9,9,9,8,10,7,9,10,9,9,9"
"0,IT,5,83.5,8.82,Region_2,6,8,8,7,9,10,10,10,10,9,8,8"
"1,IT,5,83.5,8.91,Region_2,10,8,8,9,9,7,10,9,9,,9,9"
"0,IT,5,89.5,8.27,Region_2,6,10,10,7,8,7,8,9,,10,9,9"
"0,IT,5,83.5,8.86,,6,8,8,10,9,8,8,9,,10,8,8"
"0,IT,5,84,8.5,Region_2,7,8,8,10,10,7,8,8,9,0,7,7"
"1,IT,5,83.5,8.43,Region_3,7,9,9,9,6,7,7,10,,9,10,10"
"0,IT,5,80,8.61,Region_2,10,9,9,9,7,8,10,8,10,10,8,8"
"1,IT,5,84.5,8.7,Region_2,9,7,7,7,8,6,9,8,9,10,9,9"
"1,IT,5,79,8.7,,8,9,9,10,10,7,9,10,8,,9,9"
"1,IT,5,79,8.77,Region_4,8,7,7,8,9,9,9,10,,9,10,10"
"0,IT,5,78.5,8.86,,6,8,8,8,7,10,10,9,9,10,8,8"
"1,IT,5,79,8.68,Region_3,9,8,8,10,10,9,10,10,9,10,9,9"
"0,IT,5,78.5,8.73,,9,8,8,9,8,9,9,8,10,10,9,9"
"1,IT,5,58,8.57,Region_3,8,9,9,8,7,9,10,9,,7,10,10"
"0,IT,4,79,8.73,Region_2,6,10,10,9,8,9,8,9,8,,8,8"
"0,IT,5,79,8.84,Region_3,6,8,8,8,9,9,9,9,,10,9,9"
"1,IT,4,79.5,8.36,Region_4,7,8,8,7,8,8,10,9,,6,8,8"
"0,IT,5,78,8.86,Region_4,6,9,9,9,9,8,10,10,9,,10,10"
"0,IT,5,78.5,9,Region_2,8,10,10,8,8,10,10,10,9,0,8,8"
"0,IT,5,79,8.34,Region_2,8,9,9,7,7,6,9,9,7,,8,8"
"1,IT,5,74,8.05,Region_2,10,9,9,7,6,8,8,7,7,0,7,7"
"1,IT,6,73.5,7.55,Region_4,6,7,7,9,6,7,9,7,6,10,7,7"
"1,IT,5,73.5,7.89,Region_5,8,6,6,8,8,8,9,8,10,10,9,9"
"0,IT,5,78,8.91,Region_2,6,8,8,8,8,9,8,10,8,8,10,10"
"1,IT,4,73,8.84,Region_2,7,8,8,9,7,8,10,8,,6,9,9"
"1,IT,5,62,7.91,Region_2,7,8,8,7,7,8,8,8,,6,8,8"
"1,IT,5,74,8.27,Region_2,8,9,9,6,8,8,9,9,,8,7,7"
"1,IT,5,72.5,8.59,Region_3,6,8,8,9,9,7,8,9,9,,9,9"
"0,IT,6,73,8.5,Region_4,9,8,8,6,8,8,8,9,9,,7,7"
"0,IT,5,78,8.75,Region_2,7,8,8,9,8,7,9,10,9,,8,8"
"0,IT,4,59,8.73,Region_2,6,9,9,7,8,9,9,9,9,9,9,9"
"1,IT,5,63.5,9.3,Region_2,6,8,8,10,10,8,7,9,,10,9,9"
"1,IT,5,79,8.09,Region_2,7,8,8,6,7,8,8,7,7,,8,8"
"1,IT,5,73,9.18,Region_2,9,9,9,9,9,9,9,10,,9,9,9"
"1,IT,5,89.5,8.39,Region_2,6,7,7,7,8,8,7,9,,6,8,8"
"1,IT,5,52,8.27,,7,8,8,7,8,9,10,8,,10,8,8"
"1,IT,5,79,8.89,Region_2,8,9,9,8,9,8,9,8,9,9,10,10"
"0,IT,5,57.5,8.66,Region_3,6,8,8,10,10,8,9,8,9,,8,8"
"0,IT,5,73.5,8.77,Region_2,6,9,9,8,8,7,9,7,9,0,8,8"
"0,IT,5,68,9.59,,7,10,10,7,8,10,10,10,,10,9,9"
"0,IT,5,68,8.48,Region_2,6,9,9,9,8,7,10,7,9,,8,8"
"1,IT,5,51.5,8.07,Region_4,9,8,8,6,6,8,9,8,,8,7,7"
"0,IT,5,68,9.59,Region_2,8,9,9,9,9,10,10,10,9,0,10,10"
"0,IT,6,68,8.14,,8,9,9,7,7,6,7,10,7,,8,8"
"1,IT,4,84,8.11,Region_2,7,7,7,8,6,6,8,8,,8,8,8"
"1,IT,4,74,8.89,Region_4,7,8,8,8,9,8,9,10,9,,8,8"
"0,IT,6,67.5,8.11,Region_3,8,8,8,6,6,7,10,9,8,,9,9"
"1,IT,5,78,7.86,Region_4,6,8,8,7,8,7,7,7,,6,6,6"
"1,IT,6,68.5,8.09,Region_2,10,7,7,9,8,8,10,9,,10,7,7"
"1,IT,4,63,9.3,Region_1,8,8,8,8,8,8,9,9,8,,10,10"
"1,IT,4,73,7.95,Region_2,6,8,8,8,8,6,9,6,,8,7,7"
"0,IT,5,67,8.73,Region_2,6,7,7,,,8,8,9,9,,9,9"
"0,IT,5,63,8.82,Region_2,6,8,8,9,8,6,9,10,,8,8,8"
"0,IT,6,73,7.89,Region_2,8,7,7,7,7,6,8,8,7,,6,6"
"0,IT,5,68.5,8.3,Region_3,8,8,8,7,8,9,10,9,7,,8,8"
"1,IT,5,63,8.09,Region_4,6,8,8,6,7,6,8,10,9,0,9,9"
"1,IT,5,62.5,8.59,Region_3,9,8,8,8,8,8,8,9,,9,8,8"
"0,IT,5,58,8.14,Region_3,6,8,8,7,7,8,9,7,9,,9,9"
"1,IT,5,64,8.5,Region_3,8,7,7,9,9,9,9,10,9,9,8,8"
"1,IT,5,62,8.86,Region_2,8,8,8,10,10,7,7,10,8,0,9,9"
"0,IT,4,58.5,9.3,Region_4,10,10,10,7,8,7,8,9,9,10,7,7"
"0,IT,5,58,7.8,Region_2,7,6,6,7,9,6,10,9,8,8,8,8"
"0,IT,5,58,9.18,,8,9,9,7,6,9,8,10,9,9,9,9"
"0,IT,5,67.5,7.98,Region_3,7,9,9,6,9,8,8,8,8,,8,8"
"0,IT,5,59,8.23,,7,7,7,7,9,10,6,8,8,10,8,8"
"1,IT,5,63,8.52,,6,8,8,8,7,9,9,9,,6,9,9"
"1,IT,5,57.5,7.95,Region_6,7,7,7,6,7,6,8,10,8,,8,8"
"1,IT,5,69,7.7,Region_2,8,7,7,7,6,8,8,9,,6,7,8"
"0,IT,5,61.5,8.52,Region_2,7,9,9,7,6,7,7,7,7,,8,8"
"0,IT,6,57.5,8.45,Region_2,6,8,8,7,6,7,8,9,6,,8,8"
"1,IT,5,78,7.25,Region_2,6,6,6,9,9,7,7,6,6,8,7,7"
"1,IT,5,58.5,8.11,Region_3,6,7,7,7,6,7,9,8,8,0,7,7"
"0,IT,5,57.5,8.59,Region_2,9,7,7,8,8,8,8,8,9,10,8,8"
"1,IT,6,51.5,8.77,,6,8,8,9,9,8,8,10,,9,10,10"
"0,IT,5,62.5,7.8,Region_2,6,7,7,7,7,6,8,8,8,,7,7"
"1,IT,5,62,7.3,Region_4,6,7,8,7,7,7,7,6,8,7,7,7"
"1,IT,5,53,7.68,Region_4,9,6,6,7,6,9,9,10,,6,8,8"
"1,IT,5,58,8.07,Region_2,7,7,7,6,6,9,7,8,,8,8,8"
"0,IT,5,53.5,7.73,,6,7,7,6,8,6,7,8,6,,7,7"
"0,IT,5,45.5,8.77,Region_1,8,9,9,7,8,8,10,9,9,8,9,9"
"1,IT,5,56.5,7.45,Region_2,6,8,8,6,9,7,8,8,,9,6,6"
"1,IT,5,63.5,7.59,Region_2,8,7,8,7,7,7,8,8,8,0,8,8"
"1,IT,5,64,7.93,Region_2,8,6,6,6,6,8,9,8,8,0,9,9"
"0,IT,5,63,8.45,Region_2,8,9,9,6,8,7,8,10,9,,8,8"
"1,IT,5,63,7.61,Region_2,6,6,6,7,8,7,6,9,,6,7,7"
"1,IT,5,46,8.09,Region_3,6,8,8,6,6,9,8,8,7,8,7,7"
"0,IT,5,43,8.5,,9,7,7,6,8,8,8,8,,8,10,10"
"1,IT,5,46.5,7.86,Region_2,6,7,7,10,10,8,9,7,8,7,7,7"
"1,IT,5,55,7.45,Region_2,6,8,8,7,7,9,6,8,,10,7,7"
"0,IT,5,43.5,7.59,Region_2,6,7,7,8,8,7,8,8,8,6,8,8"
"0,IT,6,47.5,7.41,,7,7,7,6,7,8,9,8,7,7,8,8"
"1,IT,5,48.5,7.23,Region_2,6,7,7,6,6,6,7,7,7,,7,7"
"1,IT,5,41,8,Region_2,6,6,6,9,9,7,8,8,,10,7,7"
"0,IT,5,36.5,8.36,Region_6,8,8,8,8,8,10,10,8,8,7,9,9"
"1,IT,5,37.5,8.59,,8,8,8,6,7,7,9,9,,8,8,8"
"1,IT,5,39.5,7.66,Region_2,6,6,6,7,8,7,8,7,,7,6,6"
"1,IT,5,45,8.7,,6,8,8,7,6,7,8,9,,9,8,8"
"1,IT,5,41.5,7.73,Region_2,6,9,9,7,8,6,6,9,,6,7,7"
"1,IT,5,31,8.07,Region_4,6,8,8,10,10,9,8,8,,8,9,9"
"1,IT,5,37,7.64,Region_2,6,8,8,8,7,6,10,7,,6,8,8"
"0,IT,6,27,7.93,,7,7,7,6,6,6,10,9,8,10,8,8"
"1,IT,5,23,7.5,Region_2,6,6,6,7,8,9,7,7,6,,9,9"
"1,IT,5,31,8.36,Region_2,8,7,6,9,9,8,6,9,8,,9,9"
"1,IT,5,24,7.86,Region_2,6,9,9,6,9,10,9,6,,6,7,7"
"1,IT,6,0,8.02,Region_2,7,,,6,7,10,8,,8,,,"
"0,IT,5,94.5,9.86,Region_3,9,10,10,10,10,10,10,10,10,,8,10"
"0,IT,5,94.5,9.64,Region_2,8,10,10,10,10,9,10,10,,10,10,10"
"1,IT,4,89,8.84,Region_6,6,10,7,6,8,8,9,9,8,,9,8"
"0,IT,5,89,8.75,Region_2,6,10,10,6,8,9,9,8,10,,8,9"
"0,IT,4,84,9.68,Region_2,8,10,10,9,10,9,10,10,,10,10,9"
"0,IT,5,78,8.55,Region_2,6,9,10,8,7,8,10,10,8,,10,9"
"1,IT,4,83.5,8.27,Region_2,6,8,8,9,8,7,8,6,7,,8,8"
"1,IT,4,73.5,9.43,Region_2,10,10,9,7,9,8,10,10,9,,10,9"
"0,IT,5,79,9.05,,7,10,10,10,10,9,10,10,9,,8,9"
"1,IT,4,84,9.66,Region_2,10,9,9,10,10,9,10,10,9,,10,10"
"1,IT,4,73,7.91,Region_3,7,8,7,6,6,8,8,8,6,,9,10"
"0,IT,5,68,8.75,,8,7,8,8,10,9,9,10,7,,10,9"
"0,IT,4,73.5,8.8,Region_3,8,9,10,6,8,6,9,10,9,,10,10"
"0,IT,4,67.5,9.36,Region_2,8,9,10,9,10,9,9,10,8,,9,9"
"0,IT,4,63,9.05,Region_3,6,9,10,7,9,8,10,10,9,,8,7"
"0,IT,4,62,8.59,Region_2,9,8,8,9,10,7,8,9,9,,9,9"
"1,IT,4,29.5,8.32,Region_4,6,8,7,9,7,6,7,8,,7,7,9"
"1,IT,5,58,7.64,Region_4,6,7,8,6,10,6,7,7,7,,8,8"
"0,IT,5,52,8.16,Region_2,10,6,8,8,10,7,7,9,8,,8,8"
"0,IT,4,42.5,9,Region_6,7,7,8,9,10,7,8,7,9,,9,9"
"1,IT,5,45,8.43,Region_3,7,8,6,6,8,7,10,9,7,,9,9"
"0,IT,4,56.5,9.05,Region_2,7,10,8,9,7,7,10,9,9,,9,9"
"1,IT,4,17.5,8.05,Region_2,6,6,7,6,8,7,8,8,9,,9,9"
"1,IT,4,0,9.11,,10,10,10,9,9,6,8,9,,9,9,9"
"1,QC,5,28,8.18,Region_6,6,6,6,7,9,6,8,8,,9,8,8"
"0,QC,4,79,8.68,Region_4,6,7,7,6,7,8,6,9,8,0,7,7"
"0,QC,5,68.5,8.55,,7,8,8,8,7,9,8,10,8,7,8,8"
"0,QC,4,67.5,8.57,Region_2,9,8,8,7,9,6,10,6,8,8,8,8"
"0,QC,5,52,7.64,Region_2,6,8,8,7,6,6,7,8,,7,6,6"
"1,QC,5,67.5,8.09,Region_2,7,8,7,6,6,8,10,8,8,10,7,7"
"0,QC,5,62.5,8.89,Region_1,6,7,7,8,9,8,9,9,,9,8,6"
"1,QC,5,73.5,7.86,Region_4,7,8,8,6,6,7,8,8,8,0,8,8"
"0,QC,5,62.5,8.32,Region_2,6,7,7,6,8,6,7,9,7,,7,7"
"1,QC,5,72.5,8,Region_2,8,10,10,6,6,8,10,8,8,9,7,7"
"0,QC,5,69,8.55,Region_2,6,7,8,8,7,7,9,8,7,0,6,6"
"0,QC,5,62,7.8,Region_3,7,7,7,8,7,9,8,7,8,7,8,8"
"1,QC,5,61.5,8.2,Region_2,6,8,8,8,8,6,9,8,8,8,8,8"
"0,QC,5,38,8.52,Region_4,6,7,7,8,8,10,6,9,8,,8,8"
"0,QC,5,47,8.09,Region_4,6,8,8,6,7,6,9,9,7,,8,8"
"0,QC,5,39,8.55,,7,6,6,10,10,9,10,9,6,,8,8"
"0,QC,5,47,7.77,Region_2,8,7,7,6,6,9,8,7,8,7,7,7"
"0,QC,5,38.5,8.45,,6,7,7,6,8,8,6,9,6,,7,7"
"1,QC,6,45,8.3,Region_2,6,6,8,8,8,7,8,7,8,8,8,8"
"1,QC,5,37.5,8.45,Region_2,6,7,7,7,7,6,8,9,,7,8,8"
"0,QC,6,28,7.48,Region_4,7,7,7,7,7,6,8,6,8,8,8,8"
"0,QC,6,39.5,7.07,Region_2,6,6,6,6,8,7,7,8,6,6,6,6"
"0,QC,4,38.5,9.16,Region_2,6,7,7,8,8,8,9,10,,10,8,8"
"0,QC,5,27,7.66,,6,7,6,10,10,6,7,6,,8,6,6"
"0,QC,5,0,8.25,,6,9,7,8,6,10,8,8,8,8,8,8"
"0,QC,4,84.5,9.34,Region_2,7,10,9,8,9,7,10,10,,8,8,10"
"0,QC,5,95,9.25,Region_4,7,9,10,7,8,10,9,9,8,,9,9"
"0,QC,5,73.5,9.02,Region_5,7,8,9,6,10,8,10,9,9,,8,9"
"0,QC,4,73.5,9,Region_2,7,8,9,8,9,8,9,9,9,,8,8"
"0,QC,5,67,8.75,Region_1,8,8,9,8,7,6,7,8,7,,9,8"
"1,QC,4,63.5,8.5,Region_2,6,8,8,8,9,9,8,7,8,,9,10"
"1,QC,5,67.5,8.66,Region_3,8,10,8,7,8,8,9,9,9,,9,9"
"0,QC,4,72.5,9.41,Region_2,7,10,9,6,8,7,10,9,8,,9,10"
"0,QC,4,63.5,8.91,Region_2,8,7,7,6,7,8,10,10,8,,8,9"
"0,QC,4,64,8.09,Region_2,6,8,7,7,9,7,7,7,9,,8,6"
"1,QC,4,59,8.77,Region_2,8,8,8,10,10,8,10,8,10,,7,8"
"0,QC,4,52,8.64,Region_4,6,7,9,9,6,7,8,8,8,,7,8"
"1,QC,4,53,8.32,Region_2,6,8,7,7,10,8,9,9,6,,8,9"
"0,QC,4,51,8.66,Region_2,6,6,6,6,7,8,9,9,9,,7,8"
"0,QC,4,15.5,8.32,Region_2,6,7,9,6,8,8,9,9,6,,8,8"
"0,QC,4,32.5,9.16,Region_6,7,8,9,8,9,6,9,9,8,,9,8"
"1,QC,4,38,7.7,Region_2,8,6,7,6,6,7,6,6,7,,7,7"
"0,QC,4,37.5,8.89,Region_2,10,9,8,9,8,8,10,9,7,,8,8"
"0,QC,5,12.5,8.2,Region_2,8,7,9,6,7,7,10,9,7,,7,8"
"0,QC,5,28.5,8.93,Region_3,7,8,6,7,10,7,10,9,9,,9,9"
"0,QC,4,20,8.95,Region_2,10,8,7,7,9,7,10,9,,10,8,9"
"0,QC,5,16.5,8.3,Region_2,7,6,7,6,7,7,10,9,8,,7,7"
"1,QC,4,42.5,8.66,Region_2,9,8,9,6,8,8,9,10,8,,9,8"
"0,MN,5,53,8.82,Region_4,8,8,8,6,6,10,9,10,,10,8,8"
"1,MN,5,94.5,8.8,Region_2,6,8,8,7,9,7,8,8,8,0,8,8"
"1,MN,5,56,9.09,Region_4,7,9,9,9,8,8,8,10,8,0,9,9"
"0,MN,5,84,9.07,Region_4,8,9,9,7,8,9,9,8,9,6,10,10"
"0,MN,5,84,9.5,Region_2,7,10,10,,,9,9,10,10,0,8,8"
"1,MN,5,84,8.64,Region_2,6,9,9,7,8,7,8,10,,10,7,7"
"0,MN,5,84,9.59,Region_2,7,10,10,9,10,9,10,10,8,0,9,9"
"0,MN,5,83.5,9.2,Region_5,8,8,8,8,8,9,9,10,9,0,8,8"
"0,MN,4,79.5,8.34,Region_2,6,7,7,6,8,6,8,6,8,0,7,7"
"0,MN,4,79.5,9.89,Region_6,9,10,10,9,8,10,10,10,,10,10,10"
"1,MN,5,89.5,7.59,Region_2,7,7,7,7,6,9,7,6,,8,7,7"
"0,MN,5,79,9.07,Region_2,10,10,10,9,9,9,10,9,,10,8,8"
"0,MN,4,78,8.86,Region_2,7,8,8,6,7,10,10,7,,8,9,9"
"1,MN,5,52.5,8.57,Region_5,8,6,6,7,9,8,9,7,,10,8,8"
"0,MN,5,52,9.3,Region_2,9,9,9,10,10,10,10,9,,10,7,7"
"1,MN,4,83.5,8.43,Region_2,7,9,7,10,9,8,10,8,,10,7,7"
"0,MN,5,78.5,8.93,Region_2,7,8,7,9,9,9,9,9,9,0,8,8"
"1,MN,6,78.5,8.07,Region_3,6,6,8,9,10,6,9,9,,9,8,8"
"1,MN,4,79,8.75,Region_2,7,7,7,8,8,6,9,9,8,0,7,7"
"0,MN,5,73,8.45,Region_2,8,9,9,9,7,6,8,8,,6,7,7"
"0,MN,5,69,8.52,Region_4,8,8,8,7,8,9,9,10,6,,7,7"
"0,MN,5,52.5,8.16,Region_1,8,7,7,8,9,7,10,9,,7,7,7"
"1,MN,5,68,8.16,,9,7,7,6,7,8,7,10,7,8,8,8"
"0,MN,6,69,9.14,Region_2,8,9,9,9,9,9,9,9,,7,8,8"
"0,MN,5,73,8.84,Region_2,8,8,8,8,8,8,8,6,,10,9,8"
"0,MN,5,68,8.75,Region_2,7,9,9,8,9,6,8,9,8,0,8,8"
"0,MN,5,68.5,8.3,Region_4,8,9,9,6,7,8,9,10,9,0,8,8"
"0,MN,5,52.5,8.05,Region_2,7,6,6,10,7,6,9,6,9,,7,7"
"0,MN,5,68,8.02,Region_2,6,7,7,8,8,8,8,9,8,0,7,7"
"0,MN,5,67,8.84,,6,8,8,7,7,7,8,9,,10,9,9"
"0,MN,4,62.5,9.41,Region_4,8,8,8,9,10,7,9,8,,10,8,8"
"0,MN,5,33,7.61,Region_2,6,6,6,7,9,6,6,8,8,8,6,6"
"0,MN,5,68,8.02,Region_2,6,7,7,8,9,6,8,7,,8,6,8"
"0,MN,5,69,8.64,Region_6,8,7,7,6,7,9,9,7,7,,7,7"
"1,MN,4,27,9.02,Region_2,10,9,9,10,10,9,10,8,10,,8,8"
"1,MN,4,64.5,9.18,Region_2,9,8,8,7,8,8,10,10,10,0,8,8"
"0,MN,5,67.5,8.36,Region_2,7,9,8,6,7,10,6,8,,7,7,7"
"0,MN,5,56,8.61,Region_4,7,9,9,7,8,9,9,10,7,0,8,8"
"0,MN,5,57.5,8.25,Region_6,6,7,7,6,6,10,9,7,,10,9,9"
"0,MN,5,57,8.09,Region_2,7,9,9,7,8,7,10,6,,10,7,7"
"0,MN,5,54,8.68,,6,7,7,9,9,7,10,9,,9,7,7"
"0,MN,5,58,9.05,Region_2,7,8,8,8,8,10,10,9,8,0,7,7"
"0,MN,5,49,8.43,Region_4,8,8,8,8,7,9,9,9,,9,7,7"
"0,MN,5,49.5,8.77,Region_1,9,8,8,6,6,7,10,8,,10,9,9"
"0,MN,5,52.5,9.61,Region_2,10,8,9,10,10,10,10,9,,10,8,8"
"1,MN,5,22.5,8.61,Region_4,7,6,6,9,10,9,9,10,,10,8,8"
"0,MN,5,13.5,8.34,Region_2,7,6,7,7,7,6,7,7,7,0,8,8"
"0,MN,5,56.5,8.2,Region_3,7,7,7,6,8,8,7,8,,8,8,7"
"0,MN,5,47.5,9.23,Region_4,8,9,9,7,7,9,10,10,8,0,7,7"
"0,MN,5,53.5,8.43,Region_2,6,10,10,7,8,7,8,6,9,,8,8"
"1,MN,5,26,7.3,Region_4,6,7,7,7,8,6,7,7,7,0,6,6"
"1,MN,5,58,8,Region_4,7,6,6,9,8,8,8,9,7,0,7,7"
"0,MN,5,48,9.05,Region_2,8,9,9,7,7,9,10,7,,10,9,9"
"0,MN,6,52.5,7.55,Region_3,9,6,6,6,8,7,7,9,,6,6,6"
"1,MN,4,62.5,8.14,Region_2,7,8,8,9,7,9,9,8,,7,8,8"
"1,MN,5,46,7.64,Region_2,7,6,7,7,7,6,6,7,8,0,7,7"
"0,MN,5,17.5,8.93,Region_2,6,6,8,10,10,6,10,6,10,,7,7"
"1,MN,6,13.5,7.8,Region_2,6,6,7,9,9,7,7,8,8,7,6,6"
"0,MN,4,42,8.48,Region_2,6,8,8,9,7,7,7,9,6,,7,7"
"1,MN,5,48,8.45,Region_2,6,7,7,7,7,10,7,8,7,0,8,8"
"0,MN,5,47.5,8.02,,6,8,8,6,6,7,9,9,,10,8,8"
"0,MN,4,46.5,8.32,Region_2,6,6,6,8,9,7,6,8,8,0,7,7"
"0,MN,5,52,8.48,Region_2,10,8,9,6,6,9,6,8,9,,8,8"
"0,MN,5,46.5,8.07,Region_4,6,7,6,6,6,9,6,7,,8,9,7"
"1,MN,4,39.5,8.73,Region_6,8,7,8,10,8,10,8,10,8,0,9,9"
"0,MN,5,41.5,8.52,Region_2,7,7,7,10,10,6,8,7,,7,7,7"
"1,MN,5,47,8.23,Region_2,8,7,7,10,10,7,6,6,7,0,7,7"
"0,MN,5,42,8.07,Region_2,7,6,6,6,9,7,9,6,,7,8,8"
"0,MN,5,41.5,8.32,Region_2,6,7,7,8,6,7,8,7,9,0,8,8"
"0,MN,5,42.5,7.57,Region_1,6,7,7,7,7,7,7,7,7,,7,7"
"0,MN,5,52,8.02,Region_2,6,7,7,7,9,7,7,7,8,,8,8"
"0,MN,5,37.5,8.61,,7,8,8,8,8,9,9,9,,10,8,8"
"0,MN,4,51,8.34,Region_2,10,7,7,7,8,7,10,9,8,,8,8"
"1,MN,4,42,8.45,Region_2,6,6,6,8,9,10,8,7,7,,7,8"
"0,MN,5,41.5,8.09,Region_4,7,7,7,8,6,8,9,7,8,0,7,7"
"0,MN,4,35.5,8.82,Region_1,8,6,6,,,10,9,8,8,0,7,7"
"0,MN,5,32.5,9.05,Region_2,6,7,10,7,8,9,9,8,9,0,9,9"
"1,MN,5,18,7.41,Region_2,6,6,6,6,6,8,8,7,8,,9,9"
"1,MN,5,37,8.27,Region_2,6,7,7,6,8,6,10,8,,8,8,8"
"0,MN,6,28.5,8.05,Region_6,8,6,7,6,9,8,10,7,,10,10,7"
"0,MN,5,37.5,7.73,Region_1,7,8,8,8,9,7,7,8,8,,7,7"
"1,MN,6,40.5,7.75,,6,7,7,6,7,8,8,8,8,8,8,9"
"1,MN,5,38,8.25,Region_2,6,6,6,9,10,8,9,9,7,,8,8"
"1,MN,5,50.5,7.23,Region_2,6,7,7,9,6,6,7,6,,9,6,6"
"0,MN,5,46.5,7.11,Region_2,6,7,7,8,6,6,6,7,7,0,7,8"
"0,MN,5,32,7.66,Region_2,6,7,7,7,7,7,8,8,,6,8,8"
"0,MN,4,34.5,8.02,Region_2,6,6,7,6,9,6,8,9,,6,6,6"
"1,MN,5,37.5,8.09,Region_2,6,8,7,6,6,6,7,8,8,0,7,7"
"1,MN,5,30.5,8.43,Region_3,6,7,7,6,7,6,9,9,8,9,7,7"
"0,MN,6,31.5,7.82,Region_2,6,6,6,6,8,8,9,8,,8,7,8"
"0,MN,4,40.5,8.23,Region_2,6,6,6,6,7,6,7,10,,8,8,8"
"1,MN,5,42,7.61,Region_2,6,9,9,6,6,9,7,6,8,,8,7"
"0,MN,5,27,8.82,Region_2,8,7,6,8,6,8,10,10,,10,10,10"
"1,MN,4,17.5,8.39,Region_2,6,6,6,10,10,8,8,6,10,0,9,8"
"1,MN,5,23.5,7.8,Region_4,6,7,6,9,9,6,6,8,7,0,7,9"
"0,MN,4,23.5,8.5,Region_2,7,7,7,6,8,6,8,10,8,0,8,8"
"1,MN,5,9.5,7.32,,6,6,6,6,7,6,6,6,,6,7,7"
"1,MN,5,21,7.5,Region_2,6,6,6,10,9,7,7,8,,10,6,8"
"0,MN,5,18.5,8.3,Region_2,6,8,8,7,10,8,9,9,8,0,7,7"
"0,MN,5,19.5,8.45,Region_6,6,7,7,9,9,9,7,9,8,0,9,9"
"1,MN,6,17,7.25,Region_2,6,6,6,6,6,6,8,7,6,9,8,7"
"0,MN,5,12,8.48,Region_2,10,8,8,6,7,7,10,9,7,,8,8"
"1,MN,5,0,7.82,Region_2,7,6,6,7,7,7,7,6,7,0,8,8"
"1,MN,5,0,7.64,Region_1,6,6,7,8,6,7,10,7,8,7,7,7"
"1,MN,5,0,8.18,Region_2,6,7,7,10,10,8,10,6,10,,8,8"
"0,MN,5,0,7.64,Region_2,7,,,7,7,8,6,,,,,"
"0,MN,4,83.5,9.89,Region_6,10,10,10,10,10,10,10,10,10,,10,9"
"0,MN,4,79,9.7,Region_2,10,10,10,8,10,10,10,10,10,,9,9"
"1,MN,4,68,9.02,Region_6,6,7,7,7,8,6,9,9,8,,9,7"
"1,MN,4,78.5,8.14,Region_2,7,7,7,6,8,7,7,8,7,,8,8"
"0,MN,5,67,9,Region_3,8,9,10,6,9,10,10,10,8,,8,8"
"0,MN,4,63.5,9.66,Region_2,8,9,9,10,9,10,10,10,9,,9,8"
"0,MN,5,63,8.41,Region_2,7,10,9,8,8,8,8,8,8,,7,7"
"0,MN,4,63,8.73,,6,6,6,7,8,8,9,9,7,,8,9"
"0,MN,4,62,9.68,Region_5,7,9,9,10,10,9,10,10,8,,10,9"
"0,MN,4,30.5,8.95,Region_2,8,9,7,9,10,7,9,10,9,,9,8"
"0,MN,5,57,9.16,,8,9,9,6,9,9,10,9,8,,7,8"
"0,MN,5,62.5,8.86,Region_2,7,8,6,7,9,8,10,9,7,,8,10"
"0,MN,4,57.5,9.3,Region_1,8,8,8,7,9,9,8,9,,8,8,8"
"0,MN,4,56.5,8.25,Region_1,6,7,7,7,6,7,9,8,,9,7,9"
"0,MN,4,53.5,9.36,Region_2,7,9,9,6,8,10,10,10,8,,8,9"
"1,MN,4,48.5,9.41,Region_2,9,8,8,7,10,10,9,9,9,,9,9"
"1,MN,4,47.5,9.11,Region_6,7,8,7,8,8,6,9,10,10,,8,8"
"0,MN,4,47.5,9.39,Region_2,8,6,9,7,9,8,10,10,7,,10,10"
"0,MN,4,68,9.09,Region_2,8,8,9,8,9,8,9,9,,10,9,8"
"0,MN,4,48,8.73,Region_2,8,8,8,8,8,8,8,7,6,,8,7"
"1,MN,5,46,7.84,Region_2,6,6,7,10,9,7,6,8,6,,6,7"
"0,MN,4,42.5,9.25,Region_5,6,6,8,9,10,7,9,10,9,,8,8"
"0,MN,4,57.5,8.57,Region_2,6,9,8,6,7,7,10,7,7,,7,7"
"0,MN,5,31.5,8.59,Region_2,6,9,6,7,6,10,9,9,,6,6,8"
"0,MN,4,42,8.89,Region_4,7,6,7,8,10,8,9,9,7,,9,9"
"0,MN,4,42,9.27,Region_2,8,10,9,6,6,6,10,10,,9,10,10"
"0,MN,4,40.5,8.7,Region_2,6,9,9,7,6,6,8,8,,8,9,10"
"0,MN,5,42,7.98,Region_4,7,7,7,8,7,8,8,8,,9,8,7"
"1,MN,4,47,8.55,Region_4,6,7,8,7,7,9,9,10,8,,8,8"
"0,MN,4,12,8.77,,7,8,6,7,9,7,8,8,8,,7,8"
"0,MN,4,31,8.11,Region_1,6,6,7,10,8,7,8,9,8,,8,8"
"1,MN,4,45,8.59,Region_2,8,6,8,7,8,7,9,9,,8,8,10"
"0,MN,4,35.5,8.66,Region_2,6,7,7,8,9,7,9,7,7,,8,8"
"0,MN,4,41.5,8.86,Region_2,7,7,9,6,9,8,10,8,,7,9,9"
"0,MN,4,25.5,8.93,,7,8,8,8,7,8,9,8,8,,10,9"
"0,MN,5,31.5,8.66,Region_2,6,9,7,10,10,8,10,10,6,,7,8"
"0,MN,4,28,9.11,,8,7,7,7,10,7,10,10,8,,9,10"
"0,MN,4,36.5,8.64,Region_2,8,9,7,6,6,8,9,7,8,,8,8"
"1,MN,4,12,7.8,Region_2,7,6,6,7,7,7,6,6,7,,8,7"
"1,MN,4,18,7.77,Region_2,6,7,7,8,6,6,8,7,8,,8,8"
"0,MN,5,0,7.82,Region_2,6,6,6,8,8,6,8,6,,6,7,7"
"1,MN,4,0,8.59,Region_3,9,8,9,6,6,6,10,10,8,,8,8"
"1,MN,4,0,7.86,Region_3,6,6,7,10,10,7,7,7,,8,7,6"
"1,MN,4,0,8.07,,6,8,8,8,6,6,8,7,,9,7,8"
"1,MN,3,0,7.27,Region_2,7,6,6,8,8,7,6,6,,6,7,7"
"0,OM,5,52.5,8.36,Region_4,6,8,8,7,6,7,7,9,10,0,8,8"
"1,OM,5,74.5,8.52,Region_4,6,7,7,8,9,9,8,9,8,0,8,8"
"1,OM,5,83.5,8.4,Region_2,7,9,9,9,7,7,8,10,,9,7,10"
"0,OM,5,78,8.81,Region_2,9,9,9,7,6,10,8,9,9,,8,7"
"1,OM,5,68,8.88,Region_1,7,8,8,8,8,9,6,7,,8,9,9"
"0,OM,5,68,9.43,Region_4,7,9,9,9,9,10,10,10,,10,8,8"
"0,OM,5,62.5,8.86,,7,8,8,6,7,10,8,9,7,,8,8"
"1,OM,5,58.5,8.12,Region_4,6,8,8,6,9,8,8,8,7,0,6,6"
"0,OM,4,58.5,9.02,Region_3,6,8,8,6,7,6,9,9,,10,8,8"
"1,OM,4,35,8.81,Region_3,7,7,7,9,10,9,8,10,8,0,8,8"
"0,OM,5,68,8.19,Region_2,8,9,8,6,9,7,8,7,7,,8,7"
"0,OM,5,62.5,8.26,Region_4,9,6,8,6,7,8,8,8,8,,8,8"
"0,OM,5,48,8.83,,10,7,9,7,10,7,8,8,7,,7,8"
"1,OM,4,56,8.64,Region_2,8,6,9,8,10,9,9,9,8,,9,9"
"1,OM,4,62,8.93,Region_2,8,8,9,6,9,7,8,10,,10,7,8"
"0,OM,5,41.5,8.81,,6,8,8,7,10,7,8,9,9,,8,10"
"0,OM,4,44,8.81,Region_2,8,8,7,7,7,7,7,8,8,,9,9"
"0,OM,4,33,8.45,,6,8,6,9,7,7,9,9,,8,7,8"
