"Good" 0.0 100.0 8.66 "Region_1" 8.0 8.0 8.0 7.0 8.0 9.0 8.0 9.0 8.0 0.0 7.0 7.0
"Good" 1.0 100.0 8.95 "Region_2" 8.0 8.0 8.0 8.0 9.0 8.0 9.0 9.0 ? 10.0 8.0 8.0
"Excellent" 0.0 100.0 9.11 "Region_3" 9.0 9.0 9.0 7.0 8.0 7.0 8.0 9.0 7.0 0.0 9.0 9.0
"Excellent" 0.0 100.0 9.3 "Region_2" 9.0 10.0 10.0 9.0 8.0 7.0 10.0 9.0 ? 10.0 9.0 9.0
"Excellent" 0.0 94.5 9.45 "Region_2" 7.0 10.0 10.0 10.0 10.0 8.0 10.0 10.0 ? 10.0 8.0 8.0
"Excellent" 0.0 94.5 9.53 "Region_4" 9.0 10.0 10.0 8.0 9.0 8.0 10.0 10.0 ? 10.0 10.0 10.0
"Excellent" 0.0 94.5 9.2 "Region_2" 6.0 10.0 10.0 8.0 8.0 8.0 9.0 10.0 8.0 0.0 9.0 9.0
"Excellent" 0.0 94.5 9.75 "Region_3" 10.0 10.0 10.0 10.0 7.0 9.0 10.0 10.0 10.0 7.0 10.0 10.0
"Good" 0.0 94.5 8.8 "Region_2" 8.0 9.0 9.0 8.0 9.0 8.0 9.0 8.0 ? 6.0 8.0 8.0
"Good" 0.0 94.5 8.84 "Region_3" 10.0 9.0 9.0 9.0 9.0 9.0 9.0 9.0 ? 10.0 9.0 9.0
"Excellent" 0.0 94.5 9.25 "Region_1" 8.0 9.0 9.0 7.0 7.0 8.0 10.0 9.0 9.0 0.0 8.0 8.0
"Excellent" 0.0 89.5 9.05 "Region_2" 6.0 10.0 10.0 10.0 8.0 8.0 10.0 8.0 ? 6.0 9.0 9.0
"Good" 1.0 89.5 8.89 ? 8.0 10.0 10.0 9.0 9.0 8.0 10.0 10.0 ? 9.0 10.0 10.0
"Good" 1.0 89.0 8.68 "Region_4" 9.0 8.0 8.0 7.0 7.0 8.0 10.0 8.0 8.0 9.0 8.0 8.0
"Excellent" 0.0 89.0 9.11 "Region_4" 8.0 10.0 10.0 9.0 9.0 8.0 10.0 10.0 ? 10.0 8.0 8.0
"Excellent" 0.0 89.5 9.27 "Region_3" 7.0 10.0 10.0 6.0 8.0 10.0 9.0 8.0 9.0 ? 10.0 10.0
"Excellent" 1.0 85.0 9.68 "Region_5" 8.0 10.0 10.0 10.0 10.0 10.0 10.0 10.0 ? 9.0 9.0 9.0
"Good" 1.0 89.0 8.66 "Region_3" 6.0 10.0 10.0 9.0 8.0 7.0 10.0 8.0 ? 8.0 9.0 9.0
"Excellent" 1.0 84.5 9.09 "Region_2" 6.0 8.0 8.0 9.0 10.0 6.0 10.0 9.0 ? 10.0 8.0 8.0
"Good" 1.0 84.0 8.61 "Region_2" 8.0 9.0 9.0 9.0 8.0 10.0 7.0 9.0 10.0 9.0 9.0 9.0
"Good" 0.0 83.5 8.82 "Region_2" 6.0 8.0 8.0 7.0 9.0 10.0 10.0 10.0 10.0 9.0 8.0 8.0
"Good" 1.0 83.5 8.91 "Region_2" 10.0 8.0 8.0 9.0 9.0 7.0 10.0 9.0 9.0 ? 9.0 9.0
"Good" 0.0 89.5 8.27 "Region_2" 6.0 10.0 10.0 7.0 8.0 7.0 8.0 9.0 ? 10.0 9.0 9.0
"Good" 0.0 83.5 8.86 ? 6.0 8.0 8.0 10.0 9.0 8.0 8.0 9.0 ? 10.0 8.0 8.0
"Good" 0.0 84.0 8.5 "Region_2" 7.0 8.0 8.0 10.0 10.0 7.0 8.0 8.0 9.0 0.0 7.0 7.0
"Good" 1.0 83.5 8.43 "Region_3" 7.0 9.0 9.0 9.0 6.0 7.0 7.0 10.0 ? 9.0 10.0 10.0
"Good" 0.0 80.0 8.61 "Region_2" 10.0 9.0 9.0 9.0 7.0 8.0 10.0 8.0 10.0 10.0 8.0 8.0
"Good" 1.0 84.5 8.7 "Region_2" 9.0 7.0 7.0 7.0 8.0 6.0 9.0 8.0 9.0 10.0 9.0 9.0
"Good" 1.0 79.0 8.7 ? 8.0 9.0 9.0 10.0 10.0 7.0 9.0 10.0 8.0 ? 9.0 9.0
"Good" 1.0 79.0 8.77 "Region_4" 8.0 7.0 7.0 8.0 9.0 9.0 9.0 10.0 ? 9.0 10.0 10.0
"Good" 0.0 78.5 8.86 ? 6.0 8.0 8.0 8.0 7.0 10.0 10.0 9.0 9.0 10.0 8.0 8.0
"Good" 1.0 79.0 8.68 "Region_3" 9.0 8.0 8.0 10.0 10.0 9.0 10.0 10.0 9.0 10.0 9.0 9.0
"Good" 0.0 78.5 8.73 ? 9.0 8.0 8.0 9.0 8.0 9.0 9.0 8.0 10.0 10.0 9.0 9.0
"Good" 1.0 58.0 8.57 "Region_3" 8.0 9.0 9.0 8.0 7.0 9.0 10.0 9.0 ? 7.0 10.0 10.0
"Good" 0.0 79.0 8.73 "Region_2" 6.0 10.0 10.0 9.0 8.0 9.0 8.0 9.0 8.0 ? 8.0 8.0
"Good" 0.0 79.0 8.84 "Region_3" 6.0 8.0 8.0 8.0 9.0 9.0 9.0 9.0 ? 10.0 9.0 9.0
"Good" 1.0 79.5 8.36 "Region_4" 7.0 8.0 8.0 7.0 8.0 8.0 10.0 9.0 ? 6.0 8.0 8.0
"Good" 0.0 78.0 8.86 "Region_4" 6.0 9.0 9.0 9.0 9.0 8.0 10.0 10.0 9.0 ? 10.0 10.0
"Good" 0.0 78.5 9.0 "Region_2" 8.0 10.0 10.0 8.0 8.0 10.0 10.0 10.0 9.0 0.0 8.0 8.0
"Good" 0.0 79.0 8.34 "Region_2" 8.0 9.0 9.0 7.0 7.0 6.0 9.0 9.0 7.0 ? 8.0 8.0
"Good" 1.0 74.0 8.05 "Region_2" 10.0 9.0 9.0 7.0 6.0 8.0 8.0 7.0 7.0 0.0 7.0 7.0
"Bad" 1.0 73.5 7.55 "Region_4" 6.0 7.0 7.0 9.0 6.0 7.0 9.0 7.0 6.0 10.0 7.0 7.0
"Bad" 1.0 73.5 7.89 "Region_5" 8.0 6.0 6.0 8.0 8.0 8.0 9.0 8.0 10.0 10.0 9.0 9.0
"Good" 0.0 78.0 8.91 "Region_2" 6.0 8.0 8.0 8.0 8.0 9.0 8.0 10.0 8.0 8.0 10.0 10.0
"Good" 1.0 73.0 8.84 "Region_2" 7.0 8.0 8.0 9.0 7.0 8.0 10.0 8.0 ? 6.0 9.0 9.0
"Bad" 1.0 62.0 7.91 "Region_2" 7.0 8.0 8.0 7.0 7.0 8.0 8.0 8.0 ? 6.0 8.0 8.0
"Good" 1.0 74.0 8.27 "Region_2" 8.0 9.0 9.0 6.0 8.0 8.0 9.0 9.0 ? 8.0 7.0 7.0
"Good" 1.0 72.5 8.59 "Region_3" 6.0 8.0 8.0 9.0 9.0 7.0 8.0 9.0 9.0 ? 9.0 9.0
"Good" 0.0 73.0 8.5 "Region_4" 9.0 8.0 8.0 6.0 8.0 8.0 8.0 9.0 9.0 ? 7.0 7.0
"Good" 0.0 78.0 8.75 "Region_2" 7.0 8.0 8.0 9.0 8.0 7.0 9.0 10.0 9.0 ? 8.0 8.0
"Good" 0.0 59.0 8.73 "Region_2" 6.0 9.0 9.0 7.0 8.0 9.0 9.0 9.0 9.0 9.0 9.0 9.0
"Excellent" 1.0 63.5 9.3 "Region_2" 6.0 8.0 8.0 10.0 10.0 8.0 7.0 9.0 ? 10.0 9.0 9.0
"Good" 1.0 79.0 8.09 "Region_2" 7.0 8.0 8.0 6.0 7.0 8.0 8.0 7.0 7.0 ? 8.0 8.0
"Excellent" 1.0 73.0 9.18 "Region_2" 9.0 9.0 9.0 9.0 9.0 9.0 9.0 10.0 ? 9.0 9.0 9.0
"Good" 1.0 89.5 8.39 "Region_2" 6.0 7.0 7.0 7.0 8.0 8.0 7.0 9.0 ? 6.0 8.0 8.0
"Good" 1.0 52.0 8.27 ? 7.0 8.0 8.0 7.0 8.0 9.0 10.0 8.0 ? 10.0 8.0 8.0
"Good" 1.0 79.0 8.89 "Region_2" 8.0 9.0 9.0 8.0 9.0 8.0 9.0 8.0 9.0 9.0 10.0 10.0
"Good" 0.0 57.5 8.66 "Region_3" 6.0 8.0 8.0 10.0 10.0 8.0 9.0 8.0 9.0 ? 8.0 8.0
"Good" 0.0 73.5 8.77 "Region_2" 6.0 9.0 9.0 8.0 8.0 7.0 9.0 7.0 9.0 0.0 8.0 8.0
"Excellent" 0.0 68.0 9.59 ? 7.0 10.0 10.0 7.0 8.0 10.0 10.0 10.0 ? 10.0 9.0 9.0
"Good" 0.0 68.0 8.48 "Region_2" 6.0 9.0 9.0 9.0 8.0 7.0 10.0 7.0 9.0 ? 8.0 8.0
"Good" 1.0 51.5 8.07 "Region_4" 9.0 8.0 8.0 6.0 6.0 8.0 9.0 8.0 ? 8.0 7.0 7.0
"Excellent" 0.0 68.0 9.59 "Region_2" 8.0 9.0 9.0 9.0 9.0 10.0 10.0 10.0 9.0 0.0 10.0 10.0
"Good" 0.0 68.0 8.14 ? 8.0 9.0 9.0 7.0 7.0 6.0 7.0 10.0 7.0 ? 8.0 8.0
"Good" 1.0 84.0 8.11 "Region_2" 7.0 7.0 7.0 8.0 6.0 6.0 8.0 8.0 ? 8.0 8.0 8.0
"Good" 1.0 74.0 8.89 "Region_4" 7.0 8.0 8.0 8.0 9.0 8.0 9.0 10.0 9.0 ? 8.0 8.0
"Good" 0.0 67.5 8.11 "Region_3" 8.0 8.0 8.0 6.0 6.0 7.0 10.0 9.0 8.0 ? 9.0 9.0
"Bad" 1.0 78.0 7.86 "Region_4" 6.0 8.0 8.0 7.0 8.0 7.0 7.0 7.0 ? 6.0 6.0 6.0
"Good" 1.0 68.5 8.09 "Region_2" 10.0 7.0 7.0 9.0 8.0 8.0 10.0 9.0 ? 10.0 7.0 7.0
"Excellent" 1.0 63.0 9.3 "Region_1" 8.0 8.0 8.0 8.0 8.0 8.0 9.0 9.0 8.0 ? 10.0 10.0
"Bad" 1.0 73.0 7.95 "Region_2" 6.0 8.0 8.0 8.0 8.0 6.0 9.0 6.0 ? 8.0 7.0 7.0
"Good" 0.0 67.0 8.73 "Region_2" 6.0 7.0 7.0 ? ? 8.0 8.0 9.0 9.0 ? 9.0 9.0
"Good" 0.0 63.0 8.82 "Region_2" 6.0 8.0 8.0 9.0 8.0 6.0 9.0 10.0 ? 8.0 8.0 8.0
"Bad" 0.0 73.0 7.89 "Region_2" 8.0 7.0 7.0 7.0 7.0 6.0 8.0 8.0 7.0 ? 6.0 6.0
"Good" 0.0 68.5 8.3 "Region_3" 8.0 8.0 8.0 7.0 8.0 9.0 10.0 9.0 7.0 ? 8.0 8.0
"Good" 1.0 63.0 8.09 "Region_4" 6.0 8.0 8.0 6.0 7.0 6.0 8.0 10.0 9.0 0.0 9.0 9.0
"Good" 1.0 62.5 8.59 "Region_3" 9.0 8.0 8.0 8.0 8.0 8.0 8.0 9.0 ? 9.0 8.0 8.0
"Good" 0.0 58.0 8.14 "Region_3" 6.0 8.0 8.0 7.0 7.0 8.0 9.0 7.0 9.0 ? 9.0 9.0
"Good" 1.0 64.0 8.5 "Region_3" 8.0 7.0 7.0 9.0 9.0 9.0 9.0 10.0 9.0 9.0 8.0 8.0
"Good" 1.0 62.0 8.86 "Region_2" 8.0 8.0 8.0 10.0 10.0 7.0 7.0 10.0 8.0 0.0 9.0 9.0
"Excellent" 0.0 58.5 9.3 "Region_4" 10.0 10.0 10.0 7.0 8.0 7.0 8.0 9.0 9.0 10.0 7.0 7.0
"Bad" 0.0 58.0 7.8 "Region_2" 7.0 6.0 6.0 7.0 9.0 6.0 10.0 9.0 8.0 8.0 8.0 8.0
"Excellent" 0.0 58.0 9.18 ? 8.0 9.0 9.0 7.0 6.0 9.0 8.0 10.0 9.0 9.0 9.0 9.0
"Bad" 0.0 67.5 7.98 "Region_3" 7.0 9.0 9.0 6.0 9.0 8.0 8.0 8.0 8.0 ? 8.0 8.0
"Good" 0.0 59.0 8.23 ? 7.0 7.0 7.0 7.0 9.0 10.0 6.0 8.0 8.0 10.0 8.0 8.0
"Good" 1.0 63.0 8.52 ? 6.0 8.0 8.0 8.0 7.0 9.0 9.0 9.0 ? 6.0 9.0 9.0
"Bad" 1.0 57.5 7.95 "Region_6" 7.0 7.0 7.0 6.0 7.0 6.0 8.0 10.0 8.0 ? 8.0 8.0
"Bad" 1.0 69.0 7.7 "Region_2" 8.0 7.0 7.0 7.0 6.0 8.0 8.0 9.0 ? 6.0 7.0 8.0
"Good" 0.0 61.5 8.52 "Region_2" 7.0 9.0 9.0 7.0 6.0 7.0 7.0 7.0 7.0 ? 8.0 8.0
"Good" 0.0 57.5 8.45 "Region_2" 6.0 8.0 8.0 7.0 6.0 7.0 8.0 9.0 6.0 ? 8.0 8.0
"Bad" 1.0 78.0 7.25 "Region_2" 6.0 6.0 6.0 9.0 9.0 7.0 7.0 6.0 6.0 8.0 7.0 7.0
"Good" 1.0 58.5 8.11 "Region_3" 6.0 7.0 7.0 7.0 6.0 7.0 9.0 8.0 8.0 0.0 7.0 7.0
"Good" 0.0 57.5 8.59 "Region_2" 9.0 7.0 7.0 8.0 8.0 8.0 8.0 8.0 9.0 10.0 8.0 8.0
"Good" 1.0 51.5 8.77 ? 6.0 8.0 8.0 9.0 9.0 8.0 8.0 10.0 ? 9.0 10.0 10.0
"Bad" 0.0 62.5 7.8 "Region_2" 6.0 7.0 7.0 7.0 7.0 6.0 8.0 8.0 8.0 ? 7.0 7.0
"Bad" 1.0 62.0 7.3 "Region_4" 6.0 7.0 8.0 7.0 7.0 7.0 7.0 6.0 8.0 7.0 7.0 7.0
"Bad" 1.0 53.0 7.68 "Region_4" 9.0 6.0 6.0 7.0 6.0 9.0 9.0 10.0 ? 6.0 8.0 8.0
"Good" 1.0 58.0 8.07 "Region_2" 7.0 7.0 7.0 6.0 6.0 9.0 7.0 8.0 ? 8.0 8.0 8.0
"Bad" 0.0 53.5 7.73 ? 6.0 7.0 7.0 6.0 8.0 6.0 7.0 8.0 6.0 ? 7.0 7.0
"Good" 0.0 45.5 8.77 "Region_1" 8.0 9.0 9.0 7.0 8.0 8.0 10.0 9.0 9.0 8.0 9.0 9.0
"Bad" 1.0 56.5 7.45 "Region_2" 6.0 8.0 8.0 6.0 9.0 7.0 8.0 8.0 ? 9.0 6.0 6.0
"Bad" 1.0 63.5 7.59 "Region_2" 8.0 7.0 8.0 7.0 7.0 7.0 8.0 8.0 8.0 0.0 8.0 8.0
"Bad" 1.0 64.0 7.93 "Region_2" 8.0 6.0 6.0 6.0 6.0 8.0 9.0 8.0 8.0 0.0 9.0 9.0
"Good" 0.0 63.0 8.45 "Region_2" 8.0 9.0 9.0 6.0 8.0 7.0 8.0 10.0 9.0 ? 8.0 8.0
"Bad" 1.0 63.0 7.61 "Region_2" 6.0 6.0 6.0 7.0 8.0 7.0 6.0 9.0 ? 6.0 7.0 7.0
"Good" 1.0 46.0 8.09 "Region_3" 6.0 8.0 8.0 6.0 6.0 9.0 8.0 8.0 7.0 8.0 7.0 7.0
"Good" 0.0 43.0 8.5 ? 9.0 7.0 7.0 6.0 8.0 8.0 8.0 8.0 ? 8.0 10.0 10.0
"Bad" 1.0 46.5 7.86 "Region_2" 6.0 7.0 7.0 10.0 10.0 8.0 9.0 7.0 8.0 7.0 7.0 7.0
"Bad" 1.0 55.0 7.45 "Region_2" 6.0 8.0 8.0 7.0 7.0 9.0 6.0 8.0 ? 10.0 7.0 7.0
"Bad" 0.0 43.5 7.59 "Region_2" 6.0 7.0 7.0 8.0 8.0 7.0 8.0 8.0 8.0 6.0 8.0 8.0
"Bad" 0.0 47.5 7.41 ? 7.0 7.0 7.0 6.0 7.0 8.0 9.0 8.0 7.0 7.0 8.0 8.0
"Bad" 1.0 48.5 7.23 "Region_2" 6.0 7.0 7.0 6.0 6.0 6.0 7.0 7.0 7.0 ? 7.0 7.0
"Bad" 1.0 41.0 8.0 "Region_2" 6.0 6.0 6.0 9.0 9.0 7.0 8.0 8.0 ? 10.0 7.0 7.0
"Good" 0.0 36.5 8.36 "Region_6" 8.0 8.0 8.0 8.0 8.0 10.0 10.0 8.0 8.0 7.0 9.0 9.0
"Good" 1.0 37.5 8.59 ? 8.0 8.0 8.0 6.0 7.0 7.0 9.0 9.0 ? 8.0 8.0 8.0
"Bad" 1.0 39.5 7.66 "Region_2" 6.0 6.0 6.0 7.0 8.0 7.0 8.0 7.0 ? 7.0 6.0 6.0
"Good" 1.0 45.0 8.7 ? 6.0 8.0 8.0 7.0 6.0 7.0 8.0 9.0 ? 9.0 8.0 8.0
"Bad" 1.0 41.5 7.73 "Region_2" 6.0 9.0 9.0 7.0 8.0 6.0 6.0 9.0 ? 6.0 7.0 7.0
"Good" 1.0 31.0 8.07 "Region_4" 6.0 8.0 8.0 10.0 10.0 9.0 8.0 8.0 ? 8.0 9.0 9.0
"Bad" 1.0 37.0 7.64 "Region_2" 6.0 8.0 8.0 8.0 7.0 6.0 10.0 7.0 ? 6.0 8.0 8.0
"Bad" 0.0 27.0 7.93 ? 7.0 7.0 7.0 6.0 6.0 6.0 10.0 9.0 8.0 10.0 8.0 8.0
"Bad" 1.0 23.0 7.5 "Region_2" 6.0 6.0 6.0 7.0 8.0 9.0 7.0 7.0 6.0 ? 9.0 9.0
"Good" 1.0 31.0 8.36 "Region_2" 8.0 7.0 6.0 9.0 9.0 8.0 6.0 9.0 8.0 ? 9.0 9.0
"Bad" 1.0 24.0 7.86 "Region_2" 6.0 9.0 9.0 6.0 9.0 10.0 9.0 6.0 ? 6.0 7.0 7.0
"Good" 1.0 0.0 8.02 "Region_2" 7.0 ? ? 6.0 7.0 10.0 8.0 ? 8.0 ? ? ?
"Excellent" 0.0 94.5 9.86 "Region_3" 9.0 10.0 10.0 10.0 10.0 10.0 10.0 10.0 10.0 ? 8.0 10.0
"Excellent" 0.0 94.5 9.64 "Region_2" 8.0 10.0 10.0 10.0 10.0 9.0 10.0 10.0 ? 10.0 10.0 10.0
"Good" 1.0 89.0 8.84 "Region_6" 6.0 10.0 7.0 6.0 8.0 8.0 9.0 9.0 8.0 ? 9.0 8.0
"Good" 0.0 89.0 8.75 "Region_2" 6.0 10.0 10.0 6.0 8.0 9.0 9.0 8.0 10.0 ? 8.0 9.0
"Excellent" 0.0 84.0 9.68 "Region_2" 8.0 10.0 10.0 9.0 10.0 9.0 10.0 10.0 ? 10.0 10.0 9.0
"Good" 0.0 78.0 8.55 "Region_2" 6.0 9.0 10.0 8.0 7.0 8.0 10.0 10.0 8.0 ? 10.0 9.0
"Good" 1.0 83.5 8.27 "Region_2" 6.0 8.0 8.0 9.0 8.0 7.0 8.0 6.0 7.0 ? 8.0 8.0
"Excellent" 1.0 73.5 9.43 "Region_2" 10.0 10.0 9.0 7.0 9.0 8.0 10.0 10.0 9.0 ? 10.0 9.0
"Excellent" 0.0 79.0 9.05 ? 7.0 10.0 10.0 10.0 10.0 9.0 10.0 10.0 9.0 ? 8.0 9.0
"Excellent" 1.0 84.0 9.66 "Region_2" 10.0 9.0 9.0 10.0 10.0 9.0 10.0 10.0 9.0 ? 10.0 10.0
"Bad" 1.0 73.0 7.91 "Region_3" 7.0 8.0 7.0 6.0 6.0 8.0 8.0 8.0 6.0 ? 9.0 10.0
"Good" 0.0 68.0 8.75 ? 8.0 7.0 8.0 8.0 10.0 9.0 9.0 10.0 7.0 ? 10.0 9.0
"Good" 0.0 73.5 8.8 "Region_3" 8.0 9.0 10.0 6.0 8.0 6.0 9.0 10.0 9.0 ? 10.0 10.0
"Excellent" 0.0 67.5 9.36 "Region_2" 8.0 9.0 10.0 9.0 10.0 9.0 9.0 10.0 8.0 ? 9.0 9.0
"Excellent" 0.0 63.0 9.05 "Region_3" 6.0 9.0 10.0 7.0 9.0 8.0 10.0 10.0 9.0 ? 8.0 7.0
"Good" 0.0 62.0 8.59 "Region_2" 9.0 8.0 8.0 9.0 10.0 7.0 8.0 9.0 9.0 ? 9.0 9.0
"Good" 1.0 29.5 8.32 "Region_4" 6.0 8.0 7.0 9.0 7.0 6.0 7.0 8.0 ? 7.0 7.0 9.0
"Bad" 1.0 58.0 7.64 "Region_4" 6.0 7.0 8.0 6.0 10.0 6.0 7.0 7.0 7.0 ? 8.0 8.0
"Good" 0.0 52.0 8.16 "Region_2" 10.0 6.0 8.0 8.0 10.0 7.0 7.0 9.0 8.0 ? 8.0 8.0
"Good" 0.0 42.5 9.0 "Region_6" 7.0 7.0 8.0 9.0 10.0 7.0 8.0 7.0 9.0 ? 9.0 9.0
"Good" 1.0 45.0 8.43 "Region_3" 7.0 8.0 6.0 6.0 8.0 7.0 10.0 9.0 7.0 ? 9.0 9.0
"Excellent" 0.0 56.5 9.05 "Region_2" 7.0 10.0 8.0 9.0 7.0 7.0 10.0 9.0 9.0 ? 9.0 9.0
"Good" 1.0 17.5 8.05 "Region_2" 6.0 6.0 7.0 6.0 8.0 7.0 8.0 8.0 9.0 ? 9.0 9.0
"Excellent" 1.0 0.0 9.11 ? 10.0 10.0 10.0 9.0 9.0 6.0 8.0 9.0 ? 9.0 9.0 9.0
"Good" 1.0 28.0 8.18 "Region_6" 6.0 6.0 6.0 7.0 9.0 6.0 8.0 8.0 ? 9.0 8.0 8.0
"Good" 0.0 79.0 8.68 "Region_4" 6.0 7.0 7.0 6.0 7.0 8.0 6.0 9.0 8.0 0.0 7.0 7.0
"Good" 0.0 68.5 8.55 ? 7.0 8.0 8.0 8.0 7.0 9.0 8.0 10.0 8.0 7.0 8.0 8.0
"Good" 0.0 67.5 8.57 "Region_2" 9.0 8.0 8.0 7.0 9.0 6.0 10.0 6.0 8.0 8.0 8.0 8.0
"Bad" 0.0 52.0 7.64 "Region_2" 6.0 8.0 8.0 7.0 6.0 6.0 7.0 8.0 ? 7.0 6.0 6.0
"Good" 1.0 67.5 8.09 "Region_2" 7.0 8.0 7.0 6.0 6.0 8.0 10.0 8.0 8.0 10.0 7.0 7.0
"Good" 0.0 62.5 8.89 "Region_1" 6.0 7.0 7.0 8.0 9.0 8.0 9.0 9.0 ? 9.0 8.0 6.0
"Bad" 1.0 73.5 7.86 "Region_4" 7.0 8.0 8.0 6.0 6.0 7.0 8.0 8.0 8.0 0.0 8.0 8.0
"Good" 0.0 62.5 8.32 "Region_2" 6.0 7.0 7.0 6.0 8.0 6.0 7.0 9.0 7.0 ? 7.0 7.0
"Bad" 1.0 72.5 8.0 "Region_2" 8.0 10.0 10.0 6.0 6.0 8.0 10.0 8.0 8.0 9.0 7.0 7.0
"Good" 0.0 69.0 8.55 "Region_2" 6.0 7.0 8.0 8.0 7.0 7.0 9.0 8.0 7.0 0.0 6.0 6.0
"Bad" 0.0 62.0 7.8 "Region_3" 7.0 7.0 7.0 8.0 7.0 9.0 8.0 7.0 8.0 7.0 8.0 8.0
"Good" 1.0 61.5 8.2 "Region_2" 6.0 8.0 8.0 8.0 8.0 6.0 9.0 8.0 8.0 8.0 8.0 8.0
"Good" 0.0 38.0 8.52 "Region_4" 6.0 7.0 7.0 8.0 8.0 10.0 6.0 9.0 8.0 ? 8.0 8.0
"Good" 0.0 47.0 8.09 "Region_4" 6.0 8.0 8.0 6.0 7.0 6.0 9.0 9.0 7.0 ? 8.0 8.0
"Good" 0.0 39.0 8.55 ? 7.0 6.0 6.0 10.0 10.0 9.0 10.0 9.0 6.0 ? 8.0 8.0
"Bad" 0.0 47.0 7.77 "Region_2" 8.0 7.0 7.0 6.0 6.0 9.0 8.0 7.0 8.0 7.0 7.0 7.0
"Good" 0.0 38.5 8.45 ? 6.0 7.0 7.0 6.0 8.0 8.0 6.0 9.0 6.0 ? 7.0 7.0
"Good" 1.0 45.0 8.3 "Region_2" 6.0 6.0 8.0 8.0 8.0 7.0 8.0 7.0 8.0 8.0 8.0 8.0
"Good" 1.0 37.5 8.45 "Region_2" 6.0 7.0 7.0 7.0 7.0 6.0 8.0 9.0 ? 7.0 8.0 8.0
"Bad" 0.0 28.0 7.48 "Region_4" 7.0 7.0 7.0 7.0 7.0 6.0 8.0 6.0 8.0 8.0 8.0 8.0
"Bad" 0.0 39.5 7.07 "Region_2" 6.0 6.0 6.0 6.0 8.0 7.0 7.0 8.0 6.0 6.0 6.0 6.0
"Excellent" 0.0 38.5 9.16 "Region_2" 6.0 7.0 7.0 8.0 8.0 8.0 9.0 10.0 ? 10.0 8.0 8.0
"Bad" 0.0 27.0 7.66 ? 6.0 7.0 6.0 10.0 10.0 6.0 7.0 6.0 ? 8.0 6.0 6.0
"Good" 0.0 0.0 8.25 ? 6.0 9.0 7.0 8.0 6.0 10.0 8.0 8.0 8.0 8.0 8.0 8.0
"Excellent" 0.0 84.5 9.34 "Region_2" 7.0 10.0 9.0 8.0 9.0 7.0 10.0 10.0 ? 8.0 8.0 10.0
"Excellent" 0.0 95.0 9.25 "Region_4" 7.0 9.0 10.0 7.0 8.0 10.0 9.0 9.0 8.0 ? 9.0 9.0
"Excellent" 0.0 73.5 9.02 "Region_5" 7.0 8.0 9.0 6.0 10.0 8.0 10.0 9.0 9.0 ? 8.0 9.0
"Good" 0.0 73.5 9.0 "Region_2" 7.0 8.0 9.0 8.0 9.0 8.0 9.0 9.0 9.0 ? 8.0 8.0
"Good" 0.0 67.0 8.75 "Region_1" 8.0 8.0 9.0 8.0 7.0 6.0 7.0 8.0 7.0 ? 9.0 8.0
"Good" 1.0 63.5 8.5 "Region_2" 6.0 8.0 8.0 8.0 9.0 9.0 8.0 7.0 8.0 ? 9.0 10.0
"Good" 1.0 67.5 8.66 "Region_3" 8.0 10.0 8.0 7.0 8.0 8.0 9.0 9.0 9.0 ? 9.0 9.0
"Excellent" 0.0 72.5 9.41 "Region_2" 7.0 10.0 9.0 6.0 8.0 7.0 10.0 9.0 8.0 ? 9.0 10.0
"Good" 0.0 63.5 8.91 "Region_2" 8.0 7.0 7.0 6.0 7.0 8.0 10.0 10.0 8.0 ? 8.0 9.0
"Good" 0.0 64.0 8.09 "Region_2" 6.0 8.0 7.0 7.0 9.0 7.0 7.0 7.0 9.0 ? 8.0 6.0
"Good" 1.0 59.0 8.77 "Region_2" 8.0 8.0 8.0 10.0 10.0 8.0 10.0 8.0 10.0 ? 7.0 8.0
"Good" 0.0 52.0 8.64 "Region_4" 6.0 7.0 9.0 9.0 6.0 7.0 8.0 8.0 8.0 ? 7.0 8.0
"Good" 1.0 53.0 8.32 "Region_2" 6.0 8.0 7.0 7.0 10.0 8.0 9.0 9.0 6.0 ? 8.0 9.0
"Good" 0.0 51.0 8.66 "Region_2" 6.0 6.0 6.0 6.0 7.0 8.0 9.0 9.0 9.0 ? 7.0 8.0
"Good" 0.0 15.5 8.32 "Region_2" 6.0 7.0 9.0 6.0 8.0 8.0 9.0 9.0 6.0 ? 8.0 8.0
"Excellent" 0.0 32.5 9.16 "Region_6" 7.0 8.0 9.0 8.0 9.0 6.0 9.0 9.0 8.0 ? 9.0 8.0
"Bad" 1.0 38.0 7.7 "Region_2" 8.0 6.0 7.0 6.0 6.0 7.0 6.0 6.0 7.0 ? 7.0 7.0
"Good" 0.0 37.5 8.89 "Region_2" 10.0 9.0 8.0 9.0 8.0 8.0 10.0 9.0 7.0 ? 8.0 8.0
"Good" 0.0 12.5 8.2 "Region_2" 8.0 7.0 9.0 6.0 7.0 7.0 10.0 9.0 7.0 ? 7.0 8.0
"Good" 0.0 28.5 8.93 "Region_3" 7.0 8.0 6.0 7.0 10.0 7.0 10.0 9.0 9.0 ? 9.0 9.0
"Good" 0.0 20.0 8.95 "Region_2" 10.0 8.0 7.0 7.0 9.0 7.0 10.0 9.0 ? 10.0 8.0 9.0
"Good" 0.0 16.5 8.3 "Region_2" 7.0 6.0 7.0 6.0 7.0 7.0 10.0 9.0 8.0 ? 7.0 7.0
"Good" 1.0 42.5 8.66 "Region_2" 9.0 8.0 9.0 6.0 8.0 8.0 9.0 10.0 8.0 ? 9.0 8.0
"Good" 0.0 53.0 8.82 "Region_4" 8.0 8.0 8.0 6.0 6.0 10.0 9.0 10.0 ? 10.0 8.0 8.0
"Good" 1.0 94.5 8.8 "Region_2" 6.0 8.0 8.0 7.0 9.0 7.0 8.0 8.0 8.0 0.0 8.0 8.0
"Excellent" 1.0 56.0 9.09 "Region_4" 7.0 9.0 9.0 9.0 8.0 8.0 8.0 10.0 8.0 0.0 9.0 9.0
"Excellent" 0.0 84.0 9.07 "Region_4" 8.0 9.0 9.0 7.0 8.0 9.0 9.0 8.0 9.0 6.0 10.0 10.0
"Excellent" 0.0 84.0 9.5 "Region_2" 7.0 10.0 10.0 ? ? 9.0 9.0 10.0 10.0 0.0 8.0 8.0
"Good" 1.0 84.0 8.64 "Region_2" 6.0 9.0 9.0 7.0 8.0 7.0 8.0 10.0 ? 10.0 7.0 7.0
"Excellent" 0.0 84.0 9.59 "Region_2" 7.0 10.0 10.0 9.0 10.0 9.0 10.0 10.0 8.0 0.0 9.0 9.0
"Excellent" 0.0 83.5 9.2 "Region_5" 8.0 8.0 8.0 8.0 8.0 9.0 9.0 10.0 9.0 0.0 8.0 8.0
"Good" 0.0 79.5 8.34 "Region_2" 6.0 7.0 7.0 6.0 8.0 6.0 8.0 6.0 8.0 0.0 7.0 7.0
"Excellent" 0.0 79.5 9.89 "Region_6" 9.0 10.0 10.0 9.0 8.0 10.0 10.0 10.0 ? 10.0 10.0 10.0
"Bad" 1.0 89.5 7.59 "Region_2" 7.0 7.0 7.0 7.0 6.0 9.0 7.0 6.0 ? 8.0 7.0 7.0
"Excellent" 0.0 79.0 9.07 "Region_2" 10.0 10.0 10.0 9.0 9.0 9.0 10.0 9.0 ? 10.0 8.0 8.0
"Good" 0.0 78.0 8.86 "Region_2" 7.0 8.0 8.0 6.0 7.0 10.0 10.0 7.0 ? 8.0 9.0 9.0
"Good" 1.0 52.5 8.57 "Region_5" 8.0 6.0 6.0 7.0 9.0 8.0 9.0 7.0 ? 10.0 8.0 8.0
"Excellent" 0.0 52.0 9.3 "Region_2" 9.0 9.0 9.0 10.0 10.0 10.0 10.0 9.0 ? 10.0 7.0 7.0
"Good" 1.0 83.5 8.43 "Region_2" 7.0 9.0 7.0 10.0 9.0 8.0 10.0 8.0 ? 10.0 7.0 7.0
"Good" 0.0 78.5 8.93 "Region_2" 7.0 8.0 7.0 9.0 9.0 9.0 9.0 9.0 9.0 0.0 8.0 8.0
"Good" 1.0 78.5 8.07 "Region_3" 6.0 6.0 8.0 9.0 10.0 6.0 9.0 9.0 ? 9.0 8.0 8.0
"Good" 1.0 79.0 8.75 "Region_2" 7.0 7.0 7.0 8.0 8.0 6.0 9.0 9.0 8.0 0.0 7.0 7.0
"Good" 0.0 73.0 8.45 "Region_2" 8.0 9.0 9.0 9.0 7.0 6.0 8.0 8.0 ? 6.0 7.0 7.0
"Good" 0.0 69.0 8.52 "Region_4" 8.0 8.0 8.0 7.0 8.0 9.0 9.0 10.0 6.0 ? 7.0 7.0
"Good" 0.0 52.5 8.16 "Region_1" 8.0 7.0 7.0 8.0 9.0 7.0 10.0 9.0 ? 7.0 7.0 7.0
"Good" 1.0 68.0 8.16 ? 9.0 7.0 7.0 6.0 7.0 8.0 7.0 10.0 7.0 8.0 8.0 8.0
"Excellent" 0.0 69.0 9.14 "Region_2" 8.0 9.0 9.0 9.0 9.0 9.0 9.0 9.0 ? 7.0 8.0 8.0
"Good" 0.0 73.0 8.84 "Region_2" 8.0 8.0 8.0 8.0 8.0 8.0 8.0 6.0 ? 10.0 9.0 8.0
"Good" 0.0 68.0 8.75 "Region_2" 7.0 9.0 9.0 8.0 9.0 6.0 8.0 9.0 8.0 0.0 8.0 8.0
"Good" 0.0 68.5 8.3 "Region_4" 8.0 9.0 9.0 6.0 7.0 8.0 9.0 10.0 9.0 0.0 8.0 8.0
"Good" 0.0 52.5 8.05 "Region_2" 7.0 6.0 6.0 10.0 7.0 6.0 9.0 6.0 9.0 ? 7.0 7.0
"Good" 0.0 68.0 8.02 "Region_2" 6.0 7.0 7.0 8.0 8.0 8.0 8.0 9.0 8.0 0.0 7.0 7.0
"Good" 0.0 67.0 8.84 ? 6.0 8.0 8.0 7.0 7.0 7.0 8.0 9.0 ? 10.0 9.0 9.0
"Excellent" 0.0 62.5 9.41 "Region_4" 8.0 8.0 8.0 9.0 10.0 7.0 9.0 8.0 ? 10.0 8.0 8.0
"Bad" 0.0 33.0 7.61 "Region_2" 6.0 6.0 6.0 7.0 9.0 6.0 6.0 8.0 8.0 8.0 6.0 6.0
"Good" 0.0 68.0 8.02 "Region_2" 6.0 7.0 7.0 8.0 9.0 6.0 8.0 7.0 ? 8.0 6.0 8.0
"Good" 0.0 69.0 8.64 "Region_6" 8.0 7.0 7.0 6.0 7.0 9.0 9.0 7.0 7.0 ? 7.0 7.0
"Excellent" 1.0 27.0 9.02 "Region_2" 10.0 9.0 9.0 10.0 10.0 9.0 10.0 8.0 10.0 ? 8.0 8.0
"Excellent" 1.0 64.5 9.18 "Region_2" 9.0 8.0 8.0 7.0 8.0 8.0 10.0 10.0 10.0 0.0 8.0 8.0
"Good" 0.0 67.5 8.36 "Region_2" 7.0 9.0 8.0 6.0 7.0 10.0 6.0 8.0 ? 7.0 7.0 7.0
"Good" 0.0 56.0 8.61 "Region_4" 7.0 9.0 9.0 7.0 8.0 9.0 9.0 10.0 7.0 0.0 8.0 8.0
"Good" 0.0 57.5 8.25 "Region_6" 6.0 7.0 7.0 6.0 6.0 10.0 9.0 7.0 ? 10.0 9.0 9.0
"Good" 0.0 57.0 8.09 "Region_2" 7.0 9.0 9.0 7.0 8.0 7.0 10.0 6.0 ? 10.0 7.0 7.0
"Good" 0.0 54.0 8.68 ? 6.0 7.0 7.0 9.0 9.0 7.0 10.0 9.0 ? 9.0 7.0 7.0
"Excellent" 0.0 58.0 9.05 "Region_2" 7.0 8.0 8.0 8.0 8.0 10.0 10.0 9.0 8.0 0.0 7.0 7.0
"Good" 0.0 49.0 8.43 "Region_4" 8.0 8.0 8.0 8.0 7.0 9.0 9.0 9.0 ? 9.0 7.0 7.0
"Good" 0.0 49.5 8.77 "Region_1" 9.0 8.0 8.0 6.0 6.0 7.0 10.0 8.0 ? 10.0 9.0 9.0
"Excellent" 0.0 52.5 9.61 "Region_2" 10.0 8.0 9.0 10.0 10.0 10.0 10.0 9.0 ? 10.0 8.0 8.0
"Good" 1.0 22.5 8.61 "Region_4" 7.0 6.0 6.0 9.0 10.0 9.0 9.0 10.0 ? 10.0 8.0 8.0
"Good" 0.0 13.5 8.34 "Region_2" 7.0 6.0 7.0 7.0 7.0 6.0 7.0 7.0 7.0 0.0 8.0 8.0
"Good" 0.0 56.5 8.2 "Region_3" 7.0 7.0 7.0 6.0 8.0 8.0 7.0 8.0 ? 8.0 8.0 7.0
"Excellent" 0.0 47.5 9.23 "Region_4" 8.0 9.0 9.0 7.0 7.0 9.0 10.0 10.0 8.0 0.0 7.0 7.0
"Good" 0.0 53.5 8.43 "Region_2" 6.0 10.0 10.0 7.0 8.0 7.0 8.0 6.0 9.0 ? 8.0 8.0
"Bad" 1.0 26.0 7.3 "Region_4" 6.0 7.0 7.0 7.0 8.0 6.0 7.0 7.0 7.0 0.0 6.0 6.0
"Bad" 1.0 58.0 8.0 "Region_4" 7.0 6.0 6.0 9.0 8.0 8.0 8.0 9.0 7.0 0.0 7.0 7.0
"Excellent" 0.0 48.0 9.05 "Region_2" 8.0 9.0 9.0 7.0 7.0 9.0 10.0 7.0 ? 10.0 9.0 9.0
"Bad" 0.0 52.5 7.55 "Region_3" 9.0 6.0 6.0 6.0 8.0 7.0 7.0 9.0 ? 6.0 6.0 6.0
"Good" 1.0 62.5 8.14 "Region_2" 7.0 8.0 8.0 9.0 7.0 9.0 9.0 8.0 ? 7.0 8.0 8.0
"Bad" 1.0 46.0 7.64 "Region_2" 7.0 6.0 7.0 7.0 7.0 6.0 6.0 7.0 8.0 0.0 7.0 7.0
"Good" 0.0 17.5 8.93 "Region_2" 6.0 6.0 8.0 10.0 10.0 6.0 10.0 6.0 10.0 ? 7.0 7.0
"Bad" 1.0 13.5 7.8 "Region_2" 6.0 6.0 7.0 9.0 9.0 7.0 7.0 8.0 8.0 7.0 6.0 6.0
"Good" 0.0 42.0 8.48 "Region_2" 6.0 8.0 8.0 9.0 7.0 7.0 7.0 9.0 6.0 ? 7.0 7.0
"Good" 1.0 48.0 8.45 "Region_2" 6.0 7.0 7.0 7.0 7.0 10.0 7.0 8.0 7.0 0.0 8.0 8.0
"Good" 0.0 47.5 8.02 ? 6.0 8.0 8.0 6.0 6.0 7.0 9.0 9.0 ? 10.0 8.0 8.0
"Good" 0.0 46.5 8.32 "Region_2" 6.0 6.0 6.0 8.0 9.0 7.0 6.0 8.0 8.0 0.0 7.0 7.0
"Good" 0.0 52.0 8.48 "Region_2" 10.0 8.0 9.0 6.0 6.0 9.0 6.0 8.0 9.0 ? 8.0 8.0
"Good" 0.0 46.5 8.07 "Region_4" 6.0 7.0 6.0 6.0 6.0 9.0 6.0 7.0 ? 8.0 9.0 7.0
"Good" 1.0 39.5 8.73 "Region_6" 8.0 7.0 8.0 10.0 8.0 10.0 8.0 10.0 8.0 0.0 9.0 9.0
"Good" 0.0 41.5 8.52 "Region_2" 7.0 7.0 7.0 10.0 10.0 6.0 8.0 7.0 ? 7.0 7.0 7.0
"Good" 1.0 47.0 8.23 "Region_2" 8.0 7.0 7.0 10.0 10.0 7.0 6.0 6.0 7.0 0.0 7.0 7.0
"Good" 0.0 42.0 8.07 "Region_2" 7.0 6.0 6.0 6.0 9.0 7.0 9.0 6.0 ? 7.0 8.0 8.0
"Good" 0.0 41.5 8.32 "Region_2" 6.0 7.0 7.0 8.0 6.0 7.0 8.0 7.0 9.0 0.0 8.0 8.0
"Bad" 0.0 42.5 7.57 "Region_1" 6.0 7.0 7.0 7.0 7.0 7.0 7.0 7.0 7.0 ? 7.0 7.0
"Good" 0.0 52.0 8.02 "Region_2" 6.0 7.0 7.0 7.0 9.0 7.0 7.0 7.0 8.0 ? 8.0 8.0
"Good" 0.0 37.5 8.61 ? 7.0 8.0 8.0 8.0 8.0 9.0 9.0 9.0 ? 10.0 8.0 8.0
"Good" 0.0 51.0 8.34 "Region_2" 10.0 7.0 7.0 7.0 8.0 7.0 10.0 9.0 8.0 ? 8.0 8.0
"Good" 1.0 42.0 8.45 "Region_2" 6.0 6.0 6.0 8.0 9.0 10.0 8.0 7.0 7.0 ? 7.0 8.0
"Good" 0.0 41.5 8.09 "Region_4" 7.0 7.0 7.0 8.0 6.0 8.0 9.0 7.0 8.0 0.0 7.0 7.0
"Good" 0.0 35.5 8.82 "Region_1" 8.0 6.0 6.0 ? ? 10.0 9.0 8.0 8.0 0.0 7.0 7.0
"Excellent" 0.0 32.5 9.05 "Region_2" 6.0 7.0 10.0 7.0 8.0 9.0 9.0 8.0 9.0 0.0 9.0 9.0
"Bad" 1.0 18.0 7.41 "Region_2" 6.0 6.0 6.0 6.0 6.0 8.0 8.0 7.0 8.0 ? 9.0 9.0
"Good" 1.0 37.0 8.27 "Region_2" 6.0 7.0 7.0 6.0 8.0 6.0 10.0 8.0 ? 8.0 8.0 8.0
"Good" 0.0 28.5 8.05 "Region_6" 8.0 6.0 7.0 6.0 9.0 8.0 10.0 7.0 ? 10.0 10.0 7.0
"Bad" 0.0 37.5 7.73 "Region_1" 7.0 8.0 8.0 8.0 9.0 7.0 7.0 8.0 8.0 ? 7.0 7.0
"Bad" 1.0 40.5 7.75 ? 6.0 7.0 7.0 6.0 7.0 8.0 8.0 8.0 8.0 8.0 8.0 9.0
"Good" 1.0 38.0 8.25 "Region_2" 6.0 6.0 6.0 9.0 10.0 8.0 9.0 9.0 7.0 ? 8.0 8.0
"Bad" 1.0 50.5 7.23 "Region_2" 6.0 7.0 7.0 9.0 6.0 6.0 7.0 6.0 ? 9.0 6.0 6.0
"Bad" 0.0 46.5 7.11 "Region_2" 6.0 7.0 7.0 8.0 6.0 6.0 6.0 7.0 7.0 0.0 7.0 8.0
"Bad" 0.0 32.0 7.66 "Region_2" 6.0 7.0 7.0 7.0 7.0 7.0 8.0 8.0 ? 6.0 8.0 8.0
"Good" 0.0 34.5 8.02 "Region_2" 6.0 6.0 7.0 6.0 9.0 6.0 8.0 9.0 ? 6.0 6.0 6.0
"Good" 1.0 37.5 8.09 "Region_2" 6.0 8.0 7.0 6.0 6.0 6.0 7.0 8.0 8.0 0.0 7.0 7.0
"Good" 1.0 30.5 8.43 "Region_3" 6.0 7.0 7.0 6.0 7.0 6.0 9.0 9.0 8.0 9.0 7.0 7.0
"Bad" 0.0 31.5 7.82 "Region_2" 6.0 6.0 6.0 6.0 8.0 8.0 9.0 8.0 ? 8.0 7.0 8.0
"Good" 0.0 40.5 8.23 "Region_2" 6.0 6.0 6.0 6.0 7.0 6.0 7.0 10.0 ? 8.0 8.0 8.0
"Bad" 1.0 42.0 7.61 "Region_2" 6.0 9.0 9.0 6.0 6.0 9.0 7.0 6.0 8.0 ? 8.0 7.0
"Good" 0.0 27.0 8.82 "Region_2" 8.0 7.0 6.0 8.0 6.0 8.0 10.0 10.0 ? 10.0 10.0 10.0
"Good" 1.0 17.5 8.39 "Region_2" 6.0 6.0 6.0 10.0 10.0 8.0 8.0 6.0 10.0 0.0 9.0 8.0
"Bad" 1.0 23.5 7.8 "Region_4" 6.0 7.0 6.0 9.0 9.0 6.0 6.0 8.0 7.0 0.0 7.0 9.0
"Good" 0.0 23.5 8.5 "Region_2" 7.0 7.0 7.0 6.0 8.0 6.0 8.0 10.0 8.0 0.0 8.0 8.0
"Bad" 1.0 9.5 7.32 ? 6.0 6.0 6.0 6.0 7.0 6.0 6.0 6.0 ? 6.0 7.0 7.0
"Bad" 1.0 21.0 7.5 "Region_2" 6.0 6.0 6.0 10.0 9.0 7.0 7.0 8.0 ? 10.0 6.0 8.0
"Good" 0.0 18.5 8.3 "Region_2" 6.0 8.0 8.0 7.0 10.0 8.0 9.0 9.0 8.0 0.0 7.0 7.0
"Good" 0.0 19.5 8.45 "Region_6" 6.0 7.0 7.0 9.0 9.0 9.0 7.0 9.0 8.0 0.0 9.0 9.0
"Bad" 1.0 17.0 7.25 "Region_2" 6.0 6.0 6.0 6.0 6.0 6.0 8.0 7.0 6.0 9.0 8.0 7.0
"Good" 0.0 12.0 8.48 "Region_2" 10.0 8.0 8.0 6.0 7.0 7.0 10.0 9.0 7.0 ? 8.0 8.0
"Bad" 1.0 0.0 7.82 "Region_2" 7.0 6.0 6.0 7.0 7.0 7.0 7.0 6.0 7.0 0.0 8.0 8.0
"Bad" 1.0 0.0 7.64 "Region_1" 6.0 6.0 7.0 8.0 6.0 7.0 10.0 7.0 8.0 7.0 7.0 7.0
"Good" 1.0 0.0 8.18 "Region_2" 6.0 7.0 7.0 10.0 10.0 8.0 10.0 6.0 10.0 ? 8.0 8.0
"Bad" 0.0 0.0 7.64 "Region_2" 7.0 ? ? 7.0 7.0 8.0 6.0 ? ? ? ? ?
"Excellent" 0.0 83.5 9.89 "Region_6" 10.0 10.0 10.0 10.0 10.0 10.0 10.0 10.0 10.0 ? 10.0 9.0
"Excellent" 0.0 79.0 9.7 "Region_2" 10.0 10.0 10.0 8.0 10.0 10.0 10.0 10.0 10.0 ? 9.0 9.0
"Excellent" 1.0 68.0 9.02 "Region_6" 6.0 7.0 7.0 7.0 8.0 6.0 9.0 9.0 8.0 ? 9.0 7.0
"Good" 1.0 78.5 8.14 "Region_2" 7.0 7.0 7.0 6.0 8.0 7.0 7.0 8.0 7.0 ? 8.0 8.0
"Good" 0.0 67.0 9.0 "Region_3" 8.0 9.0 10.0 6.0 9.0 10.0 10.0 10.0 8.0 ? 8.0 8.0
"Excellent" 0.0 63.5 9.66 "Region_2" 8.0 9.0 9.0 10.0 9.0 10.0 10.0 10.0 9.0 ? 9.0 8.0
"Good" 0.0 63.0 8.41 "Region_2" 7.0 10.0 9.0 8.0 8.0 8.0 8.0 8.0 8.0 ? 7.0 7.0
"Good" 0.0 63.0 8.73 ? 6.0 6.0 6.0 7.0 8.0 8.0 9.0 9.0 7.0 ? 8.0 9.0
"Excellent" 0.0 62.0 9.68 "Region_5" 7.0 9.0 9.0 10.0 10.0 9.0 10.0 10.0 8.0 ? 10.0 9.0
"Good" 0.0 30.5 8.95 "Region_2" 8.0 9.0 7.0 9.0 10.0 7.0 9.0 10.0 9.0 ? 9.0 8.0
"Excellent" 0.0 57.0 9.16 ? 8.0 9.0 9.0 6.0 9.0 9.0 10.0 9.0 8.0 ? 7.0 8.0
"Good" 0.0 62.5 8.86 "Region_2" 7.0 8.0 6.0 7.0 9.0 8.0 10.0 9.0 7.0 ? 8.0 10.0
"Excellent" 0.0 57.5 9.3 "Region_1" 8.0 8.0 8.0 7.0 9.0 9.0 8.0 9.0 ? 8.0 8.0 8.0
"Good" 0.0 56.5 8.25 "Region_1" 6.0 7.0 7.0 7.0 6.0 7.0 9.0 8.0 ? 9.0 7.0 9.0
"Excellent" 0.0 53.5 9.36 "Region_2" 7.0 9.0 9.0 6.0 8.0 10.0 10.0 10.0 8.0 ? 8.0 9.0
"Excellent" 1.0 48.5 9.41 "Region_2" 9.0 8.0 8.0 7.0 10.0 10.0 9.0 9.0 9.0 ? 9.0 9.0
"Excellent" 1.0 47.5 9.11 "Region_6" 7.0 8.0 7.0 8.0 8.0 6.0 9.0 10.0 10.0 ? 8.0 8.0
"Excellent" 0.0 47.5 9.39 "Region_2" 8.0 6.0 9.0 7.0 9.0 8.0 10.0 10.0 7.0 ? 10.0 10.0
"Excellent" 0.0 68.0 9.09 "Region_2" 8.0 8.0 9.0 8.0 9.0 8.0 9.0 9.0 ? 10.0 9.0 8.0
"Good" 0.0 48.0 8.73 "Region_2" 8.0 8.0 8.0 8.0 8.0 8.0 8.0 7.0 6.0 ? 8.0 7.0
"Bad" 1.0 46.0 7.84 "Region_2" 6.0 6.0 7.0 10.0 9.0 7.0 6.0 8.0 6.0 ? 6.0 7.0
"Excellent" 0.0 42.5 9.25 "Region_5" 6.0 6.0 8.0 9.0 10.0 7.0 9.0 10.0 9.0 ? 8.0 8.0
"Good" 0.0 57.5 8.57 "Region_2" 6.0 9.0 8.0 6.0 7.0 7.0 10.0 7.0 7.0 ? 7.0 7.0
"Good" 0.0 31.5 8.59 "Region_2" 6.0 9.0 6.0 7.0 6.0 10.0 9.0 9.0 ? 6.0 6.0 8.0
"Good" 0.0 42.0 8.89 "Region_4" 7.0 6.0 7.0 8.0 10.0 8.0 9.0 9.0 7.0 ? 9.0 9.0
"Excellent" 0.0 42.0 9.27 "Region_2" 8.0 10.0 9.0 6.0 6.0 6.0 10.0 10.0 ? 9.0 10.0 10.0
"Good" 0.0 40.5 8.7 "Region_2" 6.0 9.0 9.0 7.0 6.0 6.0 8.0 8.0 ? 8.0 9.0 10.0
"Bad" 0.0 42.0 7.98 "Region_4" 7.0 7.0 7.0 8.0 7.0 8.0 8.0 8.0 ? 9.0 8.0 7.0
"Good" 1.0 47.0 8.55 "Region_4" 6.0 7.0 8.0 7.0 7.0 9.0 9.0 10.0 8.0 ? 8.0 8.0
"Good" 0.0 12.0 8.77 ? 7.0 8.0 6.0 7.0 9.0 7.0 8.0 8.0 8.0 ? 7.0 8.0
"Good" 0.0 31.0 8.11 "Region_1" 6.0 6.0 7.0 10.0 8.0 7.0 8.0 9.0 8.0 ? 8.0 8.0
"Good" 1.0 45.0 8.59 "Region_2" 8.0 6.0 8.0 7.0 8.0 7.0 9.0 9.0 ? 8.0 8.0 10.0
"Good" 0.0 35.5 8.66 "Region_2" 6.0 7.0 7.0 8.0 9.0 7.0 9.0 7.0 7.0 ? 8.0 8.0
"Good" 0.0 41.5 8.86 "Region_2" 7.0 7.0 9.0 6.0 9.0 8.0 10.0 8.0 ? 7.0 9.0 9.0
"Good" 0.0 25.5 8.93 ? 7.0 8.0 8.0 8.0 7.0 8.0 9.0 8.0 8.0 ? 10.0 9.0
"Good" 0.0 31.5 8.66 "Region_2" 6.0 9.0 7.0 10.0 10.0 8.0 10.0 10.0 6.0 ? 7.0 8.0
"Excellent" 0.0 28.0 9.11 ? 8.0 7.0 7.0 7.0 10.0 7.0 10.0 10.0 8.0 ? 9.0 10.0
"Good" 0.0 36.5 8.64 "Region_2" 8.0 9.0 7.0 6.0 6.0 8.0 9.0 7.0 8.0 ? 8.0 8.0
"Bad" 1.0 12.0 7.8 "Region_2" 7.0 6.0 6.0 7.0 7.0 7.0 6.0 6.0 7.0 ? 8.0 7.0
"Bad" 1.0 18.0 7.77 "Region_2" 6.0 7.0 7.0 8.0 6.0 6.0 8.0 7.0 8.0 ? 8.0 8.0
"Bad" 0.0 0.0 7.82 "Region_2" 6.0 6.0 6.0 8.0 8.0 6.0 8.0 6.0 ? 6.0 7.0 7.0
"Good" 1.0 0.0 8.59 "Region_3" 9.0 8.0 9.0 6.0 6.0 6.0 10.0 10.0 8.0 ? 8.0 8.0
"Bad" 1.0 0.0 7.86 "Region_3" 6.0 6.0 7.0 10.0 10.0 7.0 7.0 7.0 ? 8.0 7.0 6.0
"Good" 1.0 0.0 8.07 ? 6.0 8.0 8.0 8.0 6.0 6.0 8.0 7.0 ? 9.0 7.0 8.0
"Bad" 1.0 0.0 7.27 "Region_2" 7.0 6.0 6.0 8.0 8.0 7.0 6.0 6.0 ? 6.0 7.0 7.0
"Good" 0.0 52.5 8.36 "Region_4" 6.0 8.0 8.0 7.0 6.0 7.0 7.0 9.0 10.0 0.0 8.0 8.0
"Good" 1.0 74.5 8.52 "Region_4" 6.0 7.0 7.0 8.0 9.0 9.0 8.0 9.0 8.0 0.0 8.0 8.0
"Good" 1.0 83.5 8.4 "Region_2" 7.0 9.0 9.0 9.0 7.0 7.0 8.0 10.0 ? 9.0 7.0 10.0
"Good" 0.0 78.0 8.81 "Region_2" 9.0 9.0 9.0 7.0 6.0 10.0 8.0 9.0 9.0 ? 8.0 7.0
"Good" 1.0 68.0 8.88 "Region_1" 7.0 8.0 8.0 8.0 8.0 9.0 6.0 7.0 ? 8.0 9.0 9.0
"Excellent" 0.0 68.0 9.43 "Region_4" 7.0 9.0 9.0 9.0 9.0 10.0 10.0 10.0 ? 10.0 8.0 8.0
"Good" 0.0 62.5 8.86 ? 7.0 8.0 8.0 6.0 7.0 10.0 8.0 9.0 7.0 ? 8.0 8.0
"Good" 1.0 58.5 8.12 "Region_4" 6.0 8.0 8.0 6.0 9.0 8.0 8.0 8.0 7.0 0.0 6.0 6.0
"Excellent" 0.0 58.5 9.02 "Region_3" 6.0 8.0 8.0 6.0 7.0 6.0 9.0 9.0 ? 10.0 8.0 8.0
"Good" 1.0 35.0 8.81 "Region_3" 7.0 7.0 7.0 9.0 10.0 9.0 8.0 10.0 8.0 0.0 8.0 8.0
"Good" 0.0 68.0 8.19 "Region_2" 8.0 9.0 8.0 6.0 9.0 7.0 8.0 7.0 7.0 ? 8.0 7.0
"Good" 0.0 62.5 8.26 "Region_4" 9.0 6.0 8.0 6.0 7.0 8.0 8.0 8.0 8.0 ? 8.0 8.0
"Good" 0.0 48.0 8.83 ? 10.0 7.0 9.0 7.0 10.0 7.0 8.0 8.0 7.0 ? 7.0 8.0
"Good" 1.0 56.0 8.64 "Region_2" 8.0 6.0 9.0 8.0 10.0 9.0 9.0 9.0 8.0 ? 9.0 9.0
"Good" 1.0 62.0 8.93 "Region_2" 8.0 8.0 9.0 6.0 9.0 7.0 8.0 10.0 ? 10.0 7.0 8.0
"Good" 0.0 41.5 8.81 ? 6.0 8.0 8.0 7.0 10.0 7.0 8.0 9.0 9.0 ? 8.0 10.0
"Good" 0.0 44.0 8.81 "Region_2" 8.0 8.0 7.0 7.0 7.0 7.0 7.0 8.0 8.0 ? 9.0 9.0
"Good" 0.0 33.0 8.45 ? 6.0 8.0 6.0 9.0 7.0 7.0 9.0 9.0 ? 8.0 7.0 8.0
